Temperature (K)	Pressure (bar)	Density (l, kg/m3)	Volume (l, m3/kg)	Internal Energy (l, kJ/mol)	Enthalpy (l, kJ/mol)	Entropy (l, J/mol*K)	Cv (l, J/mol*K)	Cp (l, J/mol*K)	Sound Spd. (l, m/s)	Joule-Thomson (l, K/bar)	Viscosity (l, uPa*s)	Therm. Cond. (l, W/m*K)	Surf. Tension (l, N/m)	Density (v, kg/m3)	Volume (v, m3/kg)	Internal Energy (v, kJ/mol)	Enthalpy (v, kJ/mol)	Entropy (v, J/mol*K)	Cv (v, J/mol*K)	Cp (v, J/mol*K)	Sound Spd. (v, m/s)	Joule-Thomson (v, K/bar)	Viscosity (v, uPa*s)	Therm. Cond. (v, W/m*K)
230.00	8.3828	1086.0	0.00092085	3.4852	3.5192	16.888	40.392	80.489	845.46	-0.011869	undefined	undefined	0.013443	21.819	0.045831	15.730	17.421	77.332	31.824	46.741	221.20	2.2858	undefined	undefined
231.00	8.6927	1082.4	0.00092385	3.5647	3.6001	17.233	40.370	80.698	839.07	-0.011327	undefined	undefined	0.013230	22.603	0.044242	15.743	17.435	77.126	31.969	47.099	221.19	2.2588	undefined	undefined
232.00	9.0111	1078.9	0.00092689	3.6444	3.6812	17.578	40.349	80.912	832.68	-0.010771	undefined	undefined	0.013018	23.409	0.042719	15.754	17.449	76.921	32.115	47.463	221.17	2.2323	undefined	undefined
233.00	9.3380	1075.3	0.00092998	3.7242	3.7625	17.922	40.329	81.133	826.28	-0.010199	undefined	undefined	0.012807	24.237	0.041259	15.766	17.462	76.717	32.260	47.835	221.13	2.2063	undefined	undefined
234.00	9.6737	1071.7	0.00093309	3.8042	3.8440	18.265	40.309	81.361	819.88	-0.0096133	undefined	undefined	0.012596	25.089	0.039858	15.777	17.474	76.515	32.406	48.214	221.09	2.1809	undefined	undefined
235.00	10.018	1068.1	0.00093625	3.8844	3.9257	18.607	40.290	81.595	813.47	-0.0090113	undefined	undefined	0.012387	25.964	0.038514	15.789	17.487	76.314	32.552	48.600	221.04	2.1560	undefined	undefined
236.00	10.372	1064.4	0.00093945	3.9648	4.0077	18.949	40.271	81.836	807.05	-0.0083931	undefined	undefined	0.012178	26.864	0.037225	15.799	17.499	76.114	32.699	48.995	220.98	2.1316	undefined	undefined
237.00	10.734	1060.8	0.00094270	4.0453	4.0899	19.290	40.253	82.084	800.63	-0.0077581	undefined	undefined	0.011969	27.788	0.035986	15.810	17.510	75.915	32.846	49.398	220.91	2.1076	undefined	undefined
238.00	11.106	1057.1	0.00094598	4.1261	4.1723	19.631	40.236	82.340	794.20	-0.0071057	undefined	undefined	0.011762	28.738	0.034797	15.820	17.521	75.718	32.993	49.810	220.83	2.0842	undefined	undefined
239.00	11.487	1053.4	0.00094931	4.2070	4.2550	19.971	40.219	82.603	787.76	-0.0064353	undefined	undefined	0.011555	29.714	0.033654	15.830	17.531	75.521	33.141	50.230	220.74	2.0612	undefined	undefined
240.00	11.878	1049.7	0.00095268	4.2881	4.3379	20.311	40.203	82.875	781.31	-0.0057462	undefined	undefined	0.011349	30.717	0.032555	15.840	17.541	75.325	33.289	50.660	220.64	2.0387	undefined	undefined
241.00	12.278	1045.9	0.00095611	4.3695	4.4211	20.649	40.188	83.154	774.86	-0.0050379	undefined	undefined	0.011143	31.747	0.031499	15.849	17.551	75.130	33.438	51.100	220.53	2.0166	undefined	undefined
242.00	12.688	1042.1	0.00095957	4.4510	4.5046	20.988	40.173	83.442	768.40	-0.0043095	undefined	undefined	0.010939	32.805	0.030483	15.858	17.560	74.937	33.587	51.550	220.41	1.9949	undefined	undefined
243.00	13.109	1038.3	0.00096309	4.5327	4.5883	21.326	40.159	83.739	761.92	-0.0035604	undefined	undefined	0.010735	33.892	0.029506	15.866	17.569	74.743	33.737	52.011	220.27	1.9737	undefined	undefined
244.00	13.539	1034.5	0.00096666	4.6147	4.6723	21.663	40.145	84.046	755.44	-0.0027898	undefined	undefined	0.010532	35.008	0.028565	15.875	17.577	74.551	33.887	52.484	220.13	1.9529	undefined	undefined
245.00	13.979	1030.6	0.00097028	4.6969	4.7566	22.000	40.132	84.362	748.95	-0.0019968	undefined	undefined	0.010330	36.154	0.027659	15.883	17.584	74.359	34.037	52.967	219.98	1.9325	undefined	undefined
246.00	14.430	1026.7	0.00097395	4.7793	4.8412	22.337	40.120	84.688	742.45	-0.0011806	undefined	undefined	0.010129	37.332	0.026787	15.890	17.592	74.168	34.188	53.464	219.82	1.9124	undefined	undefined
247.00	14.892	1022.8	0.00097768	4.8620	4.9261	22.673	40.109	85.024	735.93	-0.00034025	undefined	undefined	0.0099282	38.541	0.025947	15.897	17.598	73.977	34.340	53.973	219.65	1.8928	undefined	undefined
248.00	15.364	1018.9	0.00098147	4.9449	5.0113	23.009	40.098	85.371	729.41	0.00052519	undefined	undefined	0.0097286	39.782	0.025137	15.904	17.604	73.787	34.492	54.496	219.46	1.8735	undefined	undefined
249.00	15.847	1014.9	0.00098531	5.0281	5.0968	23.345	40.087	85.730	722.87	0.0014167	undefined	undefined	0.0095297	41.057	0.024356	15.911	17.610	73.597	34.645	55.033	219.27	1.8546	undefined	undefined
250.00	16.341	1010.9	0.00098922	5.1115	5.1826	23.681	40.078	86.100	716.31	0.0023355	undefined	undefined	0.0093318	42.367	0.023603	15.917	17.614	73.408	34.798	55.585	219.07	1.8361	undefined	undefined
251.00	16.846	1006.9	0.00099318	5.1951	5.2688	24.016	40.069	86.483	709.75	0.0032826	undefined	undefined	0.0091347	43.712	0.022877	15.922	17.619	73.219	34.953	56.153	218.85	1.8179	undefined	undefined
252.00	17.363	1002.8	0.00099721	5.2791	5.3553	24.351	40.061	86.879	703.16	0.0042592	undefined	undefined	0.0089384	45.093	0.022176	15.928	17.622	73.030	35.107	56.737	218.62	1.8000	undefined	undefined
253.00	17.891	998.69	0.0010013	5.3633	5.4422	24.685	40.054	87.288	696.57	0.0052666	undefined	undefined	0.0087431	46.511	0.021500	15.933	17.626	72.841	35.263	57.340	218.39	1.7824	undefined	undefined
254.00	18.430	994.55	0.0010055	5.4478	5.5294	25.020	40.047	87.712	689.95	0.0063062	undefined	undefined	0.0085486	47.968	0.020847	15.937	17.628	72.653	35.419	57.960	218.14	1.7652	undefined	undefined
255.00	18.982	990.38	0.0010097	5.5326	5.6170	25.355	40.041	88.150	683.32	0.0073794	undefined	undefined	0.0083550	49.464	0.020217	15.941	17.630	72.464	35.577	58.600	217.88	1.7483	undefined	undefined
256.00	19.545	986.17	0.0010140	5.6177	5.7050	25.689	40.036	88.605	676.67	0.0084877	undefined	undefined	0.0081624	51.001	0.019607	15.944	17.631	72.275	35.735	59.261	217.61	1.7317	undefined	undefined
257.00	20.120	981.93	0.0010184	5.7031	5.7933	26.024	40.032	89.076	670.00	0.0096328	undefined	undefined	0.0079707	52.580	0.019019	15.947	17.632	72.087	35.894	59.944	217.33	1.7153	undefined	undefined
258.00	20.708	977.65	0.0010229	5.7889	5.8821	26.358	40.029	89.564	663.31	0.010816	undefined	undefined	0.0077800	54.201	0.018450	15.950	17.631	71.898	36.054	60.649	217.03	1.6993	undefined	undefined
259.00	21.308	973.32	0.0010274	5.8750	5.9713	26.693	40.026	90.071	656.60	0.012040	undefined	undefined	0.0075902	55.868	0.017899	15.952	17.630	71.709	36.215	61.380	216.73	1.6835	undefined	undefined
260.00	21.920	968.96	0.0010320	5.9614	6.0609	27.028	40.025	90.597	649.86	0.013307	undefined	undefined	0.0074014	57.579	0.017367	15.953	17.629	71.519	36.377	62.136	216.41	1.6679	undefined	undefined
261.00	22.546	964.56	0.0010367	6.0481	6.1510	27.363	40.024	91.144	643.10	0.014617	undefined	undefined	0.0072135	59.339	0.016852	15.954	17.626	71.330	36.540	62.920	216.08	1.6527	undefined	undefined
262.00	23.184	960.11	0.0010416	6.1353	6.2416	27.698	40.024	91.713	636.32	0.015974	undefined	undefined	0.0070267	61.147	0.016354	15.955	17.623	71.139	36.704	63.733	215.74	1.6376	undefined	undefined
263.00	23.835	955.61	0.0010464	6.2228	6.3326	28.033	40.025	92.305	629.51	0.017381	undefined	undefined	0.0068409	63.005	0.015872	15.954	17.619	70.948	36.870	64.578	215.39	1.6229	undefined	undefined
264.00	24.499	951.07	0.0010514	6.3107	6.4241	28.368	40.027	92.921	622.67	0.018839	undefined	undefined	0.0066562	64.916	0.015405	15.954	17.615	70.757	37.037	65.456	215.02	1.6083	undefined	undefined
265.00	25.177	946.49	0.0010565	6.3990	6.5161	28.704	40.030	93.564	615.81	0.020351	undefined	undefined	0.0064724	66.880	0.014952	15.952	17.609	70.564	37.205	66.370	214.64	1.5939	undefined	undefined
266.00	25.868	941.85	0.0010617	6.4877	6.6086	29.041	40.035	94.234	608.91	0.021921	undefined	undefined	0.0062898	68.901	0.014514	15.950	17.602	70.371	37.375	67.322	214.25	1.5798	undefined	undefined
267.00	26.573	937.16	0.0010671	6.5769	6.7017	29.378	40.040	94.934	601.98	0.023552	undefined	undefined	0.0061082	70.979	0.014089	15.947	17.595	70.177	37.547	68.315	213.85	1.5659	undefined	undefined
268.00	27.292	932.42	0.0010725	6.6665	6.7953	29.715	40.047	95.666	595.01	0.025246	undefined	undefined	0.0059278	73.117	0.013677	15.944	17.587	69.982	37.720	69.352	213.43	1.5521	undefined	undefined
269.00	28.025	927.62	0.0010780	6.7565	6.8895	30.053	40.055	96.431	588.01	0.027009	undefined	undefined	0.0057485	75.318	0.013277	15.940	17.578	69.785	37.895	70.437	213.01	1.5385	undefined	undefined
270.00	28.772	922.76	0.0010837	6.8471	6.9843	30.391	40.064	97.233	580.97	0.028843	undefined	undefined	0.0055703	77.583	0.012889	15.935	17.567	69.588	38.072	71.572	212.56	1.5251	undefined	undefined
271.00	29.534	917.85	0.0010895	6.9381	7.0797	30.731	40.075	98.074	573.89	0.030754	undefined	undefined	0.0053933	79.915	0.012513	15.929	17.556	69.389	38.250	72.761	212.11	1.5119	undefined	undefined
272.00	30.310	912.87	0.0010954	7.0297	7.1758	31.071	40.087	98.957	566.77	0.032745	undefined	undefined	0.0052175	82.318	0.012148	15.923	17.544	69.188	38.431	74.010	211.64	1.4988	undefined	undefined
273.00	31.101	907.83	0.0011015	7.1218	7.2726	31.412	40.101	99.886	559.60	0.034823	undefined	undefined	0.0050429	84.793	0.011793	15.916	17.530	68.986	38.614	75.323	211.16	1.4858	undefined	undefined
274.00	31.907	902.72	0.0011078	7.2145	7.3700	31.754	40.116	100.86	552.38	0.036993	undefined	undefined	0.0048695	87.344	0.011449	15.908	17.516	68.781	38.800	76.706	210.66	1.4730	undefined	undefined
275.00	32.728	897.54	0.0011142	7.3078	7.4682	32.097	40.134	101.89	545.11	0.039261	undefined	undefined	0.0046974	89.975	0.011114	15.899	17.500	68.575	38.988	78.164	210.15	1.4603	undefined	undefined
276.00	33.565	892.28	0.0011207	7.4017	7.5672	32.441	40.153	102.98	537.79	0.041634	undefined	undefined	0.0045266	92.689	0.010789	15.889	17.483	68.367	39.178	79.704	209.63	1.4477	undefined	undefined
277.00	34.417	886.95	0.0011275	7.4962	7.6670	32.787	40.174	104.14	530.41	0.044119	undefined	undefined	0.0043571	95.490	0.010472	15.878	17.464	68.156	39.372	81.334	209.09	1.4352	undefined	undefined
278.00	35.285	881.53	0.0011344	7.5914	7.7676	33.134	40.197	105.36	522.97	0.046724	undefined	undefined	0.0041890	98.382	0.010164	15.866	17.445	67.943	39.568	83.063	208.54	1.4227	undefined	undefined
279.00	36.168	876.03	0.0011415	7.6874	7.8691	33.483	40.223	106.65	515.47	0.049459	undefined	undefined	0.0040222	101.37	0.0098649	15.853	17.423	67.727	39.768	84.900	207.97	1.4104	undefined	undefined
280.00	37.068	870.44	0.0011488	7.7841	7.9715	33.833	40.251	108.03	507.90	0.052333	undefined	undefined	0.0038569	104.46	0.0095732	15.839	17.401	67.508	39.971	86.856	207.39	1.3981	undefined	undefined
281.00	37.985	864.75	0.0011564	7.8816	8.0749	34.185	40.282	109.50	500.26	0.055357	undefined	undefined	0.0036930	107.65	0.0092892	15.823	17.376	67.287	40.178	88.943	206.79	1.3858	undefined	undefined
282.00	38.918	858.96	0.0011642	7.9799	8.1793	34.539	40.315	111.07	492.54	0.058544	undefined	undefined	0.0035306	110.96	0.0090124	15.807	17.351	67.061	40.388	91.177	206.18	1.3735	undefined	undefined
283.00	39.868	853.06	0.0011722	8.0791	8.2848	34.895	40.352	112.75	484.73	0.061907	undefined	undefined	0.0033697	114.38	0.0087425	15.789	17.323	66.832	40.603	93.574	205.55	1.3612	undefined	undefined
284.00	40.835	847.05	0.0011806	8.1793	8.3915	35.253	40.393	114.56	476.84	0.065462	undefined	undefined	0.0032104	117.93	0.0084793	15.770	17.294	66.599	40.822	96.152	204.90	1.3489	undefined	undefined
285.00	41.820	840.92	0.0011892	8.2804	8.4993	35.615	40.437	116.51	468.86	0.069225	undefined	undefined	0.0030527	121.62	0.0082225	15.749	17.262	66.361	41.046	98.934	204.24	1.3366	undefined	undefined
286.00	42.822	834.66	0.0011981	8.3827	8.6085	35.979	40.485	118.62	460.78	0.073216	undefined	undefined	0.0028967	125.44	0.0079717	15.726	17.229	66.119	41.275	101.95	203.56	1.3242	undefined	undefined
287.00	43.842	828.26	0.0012074	8.4861	8.7190	36.346	40.537	120.90	452.59	0.077457	undefined	undefined	0.0027424	129.42	0.0077267	15.702	17.193	65.872	41.510	105.22	202.86	1.3117	undefined	undefined
288.00	44.880	821.71	0.0012170	8.5907	8.8311	36.716	40.595	123.39	444.29	0.081972	undefined	undefined	0.0025898	133.56	0.0074872	15.676	17.155	65.618	41.751	108.79	202.15	1.2991	undefined	undefined
289.00	45.936	815.00	0.0012270	8.6966	8.9447	37.090	40.658	126.11	435.87	0.086790	undefined	undefined	0.0024391	137.88	0.0072529	15.648	17.114	65.359	41.998	112.70	201.42	1.2863	undefined	undefined
290.00	47.012	808.11	0.0012375	8.8039	9.0600	37.468	40.727	129.10	427.31	0.091943	undefined	undefined	0.0022903	142.38	0.0070235	15.618	17.071	65.093	42.252	117.00	200.67	1.2734	undefined	undefined
291.00	48.106	801.04	0.0012484	8.9128	9.1772	37.851	40.802	132.40	418.61	0.097470	undefined	undefined	0.0021435	147.09	0.0067987	15.586	17.025	64.820	42.514	121.76	199.90	1.2602	undefined	undefined
292.00	49.220	793.76	0.0012598	9.0234	9.2963	38.239	40.886	136.06	409.77	0.10341	undefined	undefined	0.0019987	152.02	0.0065783	15.551	16.976	64.539	42.784	127.05	199.11	1.2468	undefined	undefined
293.00	50.353	786.25	0.0012719	9.1359	9.4177	38.632	40.977	140.15	400.75	0.10982	undefined	undefined	0.0018560	157.19	0.0063618	15.513	16.923	64.248	43.063	132.97	198.30	1.2330	undefined	undefined
294.00	51.507	778.49	0.0012845	9.2503	9.5415	39.032	41.078	144.75	391.56	0.11676	undefined	undefined	0.0017156	162.63	0.0061491	15.473	16.867	63.948	43.353	139.65	197.48	1.2189	undefined	undefined
295.00	52.681	770.46	0.0012979	9.3670	9.6680	39.439	41.190	149.97	382.17	0.12430	undefined	undefined	0.0015775	168.36	0.0059397	15.429	16.806	63.636	43.653	147.23	196.63	1.2043	undefined	undefined
296.00	53.876	762.12	0.0013121	9.4863	9.7974	39.853	41.314	155.95	372.57	0.13253	undefined	undefined	0.0014418	174.42	0.0057333	15.382	16.741	63.312	43.966	155.93	195.75	1.1891	undefined	undefined
297.00	55.092	753.43	0.0013273	9.6084	9.9302	40.277	41.453	162.87	362.74	0.14154	undefined	undefined	0.0013088	180.85	0.0055294	15.330	16.671	62.973	44.293	166.00	194.86	1.1734	undefined	undefined
298.00	56.330	744.33	0.0013435	9.7337	10.067	40.712	41.607	170.96	352.65	0.15147	undefined	undefined	0.0011785	187.70	0.0053277	15.274	16.595	62.618	44.636	177.81	193.94	1.1569	undefined	undefined
299.00	57.591	734.79	0.0013609	9.8627	10.208	41.159	41.782	180.58	342.27	0.16247	undefined	undefined	0.0010511	195.02	0.0051276	15.213	16.512	62.244	44.996	191.85	193.00	1.1395	undefined	undefined
300.00	58.874	724.70	0.0013799	9.9960	10.354	41.620	41.979	192.22	331.57	0.17475	undefined	undefined	0.00092677	202.91	0.0049284	15.145	16.422	61.848	45.376	208.83	192.02	1.1210	undefined	undefined
